version https://git-lfs.github.com/spec/v1
oid sha256:a4df1599fd08bbc01e4461c6213fa81e121f723ddf4cdba010bc4c851c5d8ccd
size 20074795
